352	
346	
318	
314	
324	
202	
312	
328	
330	
334	
358	
324	
266	
316	
360	
326	
320	
334	
320	
316	
328	
326	
314	
310	
330	
334	
336	
350	
332	
314	
268	
240	
360	
344	
342	
340	
334	
316	
310	
316	
330	
348	
358	
360	
330	
334	
266	
276	
266	
220	
340	
322	
326	
334	
346	
344	
338	
326	
316	
310	
302	
286	
286	
344	
340	
330	
328	
332	
350	
338	
326	
326	
326	
360	
342	
352	
360	
360	
332	
332	
328	
330	
332	
334	
342	
346	
354	
360	
286	
278	
282	
296	
300	
306	
308	
316	
318	
220	
324	
330	
334	
342	
346	
344	
340	
340	
336	
334	
328	
326	
324	
324	
334	
338	
322	
316	
262	
308	
306	
308	
314	
256	
330	
346	
348	
330	
324	
334	
336	
344	
340	
340	
334	
324	
242	
312	
272	
310	
314	
322	
328	
350	
340	
332	
334	
336	
344	
346	
354	
328	
89	
91	
89	
91	
95	
71	
95	
101	
85	
87	
37	
91	
77	
93	
79	
99	
99	
103	
87	
89	
93	
95	
93	
93	
101	
83	
87	
91	
93	
91	
81	
77	
79	
83	
105	
105	
91	
89	
89	
93	
99	
79	
85	
95	
103	
91	
73	
81	
81	
75	
81	
81	
85	
89	
93	
99	
99	
97	
95	
95	
95	
95	
97	
107	
99	
97	
99	
101	
107	
87	
89	
89	
89	
39	
87	
85	
87	
85	
101	
101	
99	
99	
99	
97	
97	
99	
109	
103	
97	
95	
93	
95	
95	
95	
95	
97	
97	
75	
97	
97	
99	
99	
99	
97	
95	
91	
89	
87	
85	
83	
81	
81	
81	
103	
97	
95	
81	
91	
89	
89	
89	
67	
91	
91	
107	
103	
101	
103	
103	
105	
81	
103	
101	
97	
75	
91	
79	
89	
89	
89	
91	
91	
105	
103	
103	
103	
105	
81	
79	
99