89	
91	
89	
91	
95	
71	
95	
101	
85	
87	
37	
91	
77	
93	
79	
99	
99	
103	
87	
89	
93	
95	
93	
93	
101	
83	
87	
91	
93	
91	
81	
77	
79	
83	
105	
105	
91	
89	
89	
93	
99	
79	
85	
95	
103	
91	
73	
81	
81	
75	
81	
81	
85	
89	
93	
99	
99	
97	
95	
95	
95	
95	
97	
107	
99	
97	
99	
101	
107	
87	
89	
89	
89	
39	
87	
85	
87	
85	
101	
101	
99	
99	
99	
97	
97	
99	
109	
103	
97	
95	
93	
95	
95	
95	
95	
97	
97	
75	
97	
97	
99	
99	
99	
97	
95	
91	
89	
87	
85	
83	
81	
81	
81	
103	
97	
95	
81	
91	
89	
89	
89	
67	
91	
91	
107	
103	
101	
103	
103	
105	
81	
103	
101	
97	
75	
91	
79	
89	
89	
89	
91	
91	
105	
103	
103	
103	
105	
81	
79	
99	
